bb57ee33-23a5-4148-bf23-3bac4b905045 | 1 | 1 | 5 | 171.51
2ec81f36-60b4-44c0-8ccd-cb11778ec0c4 | 1 | 1 | 5 | 146.14
4bb02bba-3c80-44ff-b457-df871e5c5c31 | 1 | 1 | 5 | 394.7
be6818f9-c2c4-4ac7-b893-04bd61ab87e0 | 2 | 2 | 3 | 428.52
99e68664-0a14-413e-9aeb-0a22589f1705 | 2 | 2 | 3 | 342.9
aa4b0d1b-9cc0-41ce-98f4-8d80a5c63706 | 2 | 2 | 3 | 302.77
1d85bdd2-787c-4fcc-a5a9-5ca1453b30a7 | 3 | 3 | 5 | 245.55
95755b3a-39c5-449d-ac6b-f8c51bd68453 | 3 | 3 | 5 | 313.79
27ba9e34-f489-41b0-827b-a83b697a0de1 | 3 | 3 | 5 | 369.8
434ae430-f486-4691-a0b2-a0adfdf1fdb3 | 4 | 4 | 3 | 442.21
cc37c4c6-cf6c-442f-8714-fa2dab32ac6f | 4 | 4 | 3 | 205.74
5bffab81-a4d7-48d8-a40b-0bf795307257 | 4 | 4 | 3 | 118.45
c899e9bb-b869-44b4-b26d-9ee7254fd971 | 5 | 5 | 5 | 79.42
a75c57b9-6ef9-47a5-bee3-5fd2c1e82450 | 5 | 5 | 5 | 76.88
122ba0b7-48e8-4b70-b5c7-bbabe40898b7 | 5 | 5 | 5 | 387.65
4e573a06-d969-46b8-a03e-ca320c10d8b6 | 6 | 6 | 2 | 415.3
83e8e515-f003-4913-b79e-03ba3d57f792 | 6 | 6 | 2 | 474.05
42081aa7-3a38-4eff-b38f-102471d140b0 | 6 | 6 | 2 | 83.44
3c226b54-86ca-4e31-8fc1-b71d29b7ea4e | 7 | 7 | 3 | 488.68
8c2f583e-f9c1-4fe7-9984-967ec4c469e7 | 7 | 7 | 3 | 459.3
36cd2c4c-e24f-4696-b35f-7bf03c9bd322 | 7 | 7 | 3 | 304.75
ebbb68bf-8196-4ae7-aa30-7b0bc1d3c3c7 | 8 | 8 | 2 | 437.5
0c56d9bb-2028-4f58-8e4b-e735225ca0f5 | 8 | 8 | 2 | 458.63
0ad1f9c0-b461-4ffa-9338-3fa0821db74a | 8 | 8 | 2 | 330.79
70541bac-2165-4887-a89d-bbe7ed937724 | 9 | 9 | 5 | 136.63
8f929526-c512-43b7-9cbb-526c5b5ae3f6 | 9 | 9 | 5 | 286.31
eddfc414-dfac-4ab1-8009-3e69da9bc17e | 9 | 9 | 5 | 75.52
1c86f850-e5dd-4ade-bf03-1279c7909494 | 10 | 10 | 2 | 494.21
29cbccdc-e751-4ab9-8188-d75c971ca859 | 10 | 10 | 2 | 384.96
8c924374-42cc-4f0b-a70a-ce2b51dca055 | 10 | 10 | 2 | 326.17
2859c1dd-aeb8-4ccd-9a46-fe68adb92ecd | 11 | 11 | 1 | 59.85
973b3cd9-78c4-4343-8a05-815b3aba8bc4 | 11 | 11 | 1 | 156.8
c4d14208-5181-484f-8f6e-3bb522a37676 | 11 | 11 | 1 | 282.96
86e14a42-06d8-431d-962f-9ea222152a8a | 12 | 12 | 1 | 314.58
1ef4e6fc-28a7-433a-a7c9-5555219e645a | 12 | 12 | 1 | 382.45
651ce6f4-e579-4c7f-ad64-3087522355f4 | 12 | 12 | 1 | 308.98
a1892fc5-2f86-4a57-8cea-9823b905792f | 13 | 13 | 5 | 122.81
3f0e984c-e9e2-4233-bc80-be93c320963f | 13 | 13 | 5 | 265.51
29397052-b72c-4c24-ad2e-f0e10495e0e7 | 13 | 13 | 5 | 323.16
54272c88-29a4-484e-b00e-d84ef88aa1fd | 14 | 14 | 2 | 277.45
feb47d1b-67d5-45d1-a8cd-efaedc7e81c4 | 14 | 14 | 2 | 208.37
a79a6529-7ee7-40c7-9427-ec6dea4be8f2 | 14 | 14 | 2 | 254.99
7b5300eb-a773-4828-acb0-af4783b68cfb | 15 | 15 | 2 | 320.82
4a1ae386-a2f2-4027-9cf8-cd4b8a34a586 | 15 | 15 | 2 | 368.28
2c218ada-004b-40d5-a371-f8446c2d5399 | 15 | 15 | 2 | 211.12
656ff02c-eacd-4b8a-905b-0fc94d9e1945 | 16 | 16 | 5 | 280.84
b62f7b40-7ac5-4365-aa98-91635163f236 | 16 | 16 | 5 | 317.49
35af89d2-9b78-40f2-b7d6-a06ea55ff373 | 16 | 16 | 5 | 201.75
f90e393f-ef34-449f-8b86-2a62285c482e | 17 | 17 | 3 | 171.84
44090356-1158-4409-bd11-d4568a6cca31 | 17 | 17 | 3 | 333.66
836bf017-57cd-49e8-a082-e625f09ab9c1 | 17 | 17 | 3 | 139.07
03576efb-4b62-4bdf-8e5d-45b2a453f036 | 18 | 18 | 5 | 419.82
57dd74ef-d528-4e38-bb35-08accffb894f | 18 | 18 | 5 | 221.72
0468e3ff-3207-4573-a756-a268a681479c | 18 | 18 | 5 | 145.35
89dd4fd5-b71f-40cb-876d-cfca74b862db | 19 | 19 | 3 | 315.18
671ca4a1-45b4-497e-88e4-05a1155c53e9 | 19 | 19 | 3 | 435.41
f818fc8f-87b6-420a-a972-49ef763ed327 | 19 | 19 | 3 | 261.52
513c6493-a426-40a3-b006-f21e38e527f5 | 20 | 20 | 1 | 299.42
fa7fa103-44b2-4e6a-a6e1-82654dc19181 | 20 | 20 | 1 | 288.59
d02380c1-c8c9-4633-bf77-4835f938b8a9 | 20 | 20 | 1 | 337.25
f96e9940-53a1-4888-a4b8-db9473442aee | 21 | 21 | 2 | 296.0
d6db4ffb-7c16-43bb-b40c-03fdefaeb835 | 21 | 21 | 2 | 453.8
efb02101-56c7-4f10-9ef4-fe001a845f3b | 21 | 21 | 2 | 178.2
4d902fb3-4033-4f25-bc49-f91459c0993d | 22 | 22 | 2 | 195.37
78aebd44-4edd-411a-8e6a-6aa8c4283053 | 22 | 22 | 2 | 424.12
95aad230-5355-41e6-a04d-cf8b4b4e038b | 22 | 22 | 2 | 312.71
b0828ec4-8b47-4bfd-9b68-44eec3218f86 | 23 | 23 | 4 | 71.97
b5233858-f6e6-4c41-810e-af317154d914 | 23 | 23 | 4 | 442.91
d63c17af-741d-4e8e-9d65-204bbd8a6875 | 23 | 23 | 4 | 238.27
a0304306-6969-4375-b041-5040cf804d63 | 24 | 24 | 4 | 343.07
b91f12a0-7757-4a2f-a51b-3d5619691836 | 24 | 24 | 4 | 469.27
83aac17a-5882-4a37-b173-680980b668b8 | 24 | 24 | 4 | 417.47
f9e2c9c0-b0ed-4c60-af1b-2f193bb7390c | 25 | 25 | 3 | 67.65
69735f34-2a71-49df-999c-8b5a7cf97988 | 25 | 25 | 3 | 260.17
bf7e6286-f5d5-46c0-84d7-9787bc3074c3 | 25 | 25 | 3 | 391.14
bd567eac-71ee-415f-9c14-4e696dc57405 | 26 | 26 | 4 | 203.32
1e3c5349-d3e8-4fe9-b85b-02c443c5dee9 | 26 | 26 | 4 | 228.73
64bf0c63-9bbe-4c91-b779-3b960dfa3208 | 26 | 26 | 4 | 217.98
fd990bc3-ad61-480b-8b52-5013745ee8ea | 27 | 27 | 4 | 262.62
79323236-a2ad-4aa0-870a-2b1241e85182 | 27 | 27 | 4 | 420.03
de551204-762d-42fc-8ee7-77b6482e270d | 27 | 27 | 4 | 253.25
696af4d3-3669-47ab-90e7-03976305cf4c | 28 | 28 | 5 | 235.92
3dcd3059-1992-4c6b-8bb7-044a40a525df | 28 | 28 | 5 | 440.1
a9a160af-d649-43ba-bfed-ac1e5793dd7f | 28 | 28 | 5 | 182.99
fcbe6acc-aecb-4399-aec6-30422ac7146d | 29 | 29 | 4 | 153.96
3d826cd9-1976-43e1-a2b1-9c72e7e4f553 | 29 | 29 | 4 | 477.59
093e9bbf-9e3d-49de-9aa6-6d89ffa82265 | 29 | 29 | 4 | 426.14
4e78064e-1c1d-412a-b669-0c749eac968e | 30 | 30 | 3 | 366.18
a59138fb-ca3d-4608-af66-b05026082693 | 30 | 30 | 3 | 160.27
0c0cb178-f6b1-4826-a747-c519717284ff | 30 | 30 | 3 | 419.87
8da6d81e-6ec8-4445-9625-801b30feb4a5 | 31 | 31 | 4 | 58.72
76236d37-5745-4d02-a84f-0e26bc212fe4 | 31 | 31 | 4 | 232.77
720f59f7-5f35-4bea-9e3a-a10245f7c0b5 | 31 | 31 | 4 | 467.7
73a29376-605f-4fe6-9ac1-a0e2ceb11142 | 32 | 32 | 4 | 283.26
6d69be63-a3a6-4877-af67-e0cc2b864bef | 32 | 32 | 4 | 441.5
c193ce72-0952-4597-8a14-7b430ef05793 | 32 | 32 | 4 | 256.59
830b1c8f-7c4a-4d9e-a69c-80c5780b0bbd | 33 | 33 | 1 | 53.35
867d5ad7-d739-4e30-96c5-c48593253796 | 33 | 33 | 1 | 456.86
6ab42dc0-2824-4d09-9097-986f59f3bbf7 | 33 | 33 | 1 | 176.6
6d95caa4-74db-4630-a14d-cb139eb7dd22 | 34 | 34 | 5 | 357.0
b133322f-8680-45a4-ae65-7480d65d27e9 | 34 | 34 | 5 | 463.38
b73ecafc-4f0d-47c4-83ab-1a56d6aa8bc1 | 34 | 34 | 5 | 140.74
2bee87fa-c0ce-4bf8-a411-1bdd6a2ced36 | 35 | 35 | 5 | 56.96
1c15adc9-b41f-490b-99bc-2c4ded755c5e | 35 | 35 | 5 | 341.2
2b1aec12-3246-470f-9e41-41889b590205 | 35 | 35 | 5 | 73.32
d231cb81-4ad4-4a39-ac73-7c6e58ca2630 | 36 | 36 | 2 | 276.0
68a2b4af-6bd4-4621-a36f-17c94a9b412e | 36 | 36 | 2 | 78.2
2d222a8d-78d2-4a74-a3ed-a94314981fe0 | 36 | 36 | 2 | 480.4
0c518946-410d-4174-98ef-7c5b5c64bd05 | 37 | 37 | 1 | 410.79
2242552d-7d7a-4794-9796-8e7a9264013f | 37 | 37 | 1 | 94.34
a58318da-4326-4e47-af71-7e90ecfd181c | 37 | 37 | 1 | 233.38
2a78a363-9026-47dd-b180-f170aeb62409 | 38 | 38 | 5 | 129.75
87a4c064-fbb8-4299-8024-acfe929c61fa | 38 | 38 | 5 | 317.63
99d4ae8f-531e-4c75-945b-527f49b8b789 | 38 | 38 | 5 | 412.24
1adaa1be-32da-4763-afef-74165ddd04a9 | 39 | 39 | 2 | 316.7
3619c54d-6efe-416a-a41e-e816ee6441a7 | 39 | 39 | 2 | 430.94
0ec39d2c-87f8-422c-a03e-0c104599d8c1 | 39 | 39 | 2 | 441.22
84d14081-c791-40af-b376-2c33c55f902a | 40 | 40 | 3 | 373.55
dfbbc705-c19a-45f5-aabf-daafc2354c6e | 40 | 40 | 3 | 342.34
35235354-4ca6-4a4f-82f1-36c1222417b6 | 40 | 40 | 3 | 486.59
de337db9-268f-409c-a765-3647667b1b45 | 41 | 41 | 5 | 389.63
e7f98386-5fb4-4153-9134-c9361ec2c884 | 41 | 41 | 5 | 434.22
86bbc386-d1ca-42a5-bdf1-76af1ba72f6a | 41 | 41 | 5 | 353.89
ed51de92-ee7f-4bd3-a9a0-1c66098ade40 | 42 | 42 | 4 | 143.08
30f8148b-2aea-49b4-97ae-4c2660f1da41 | 42 | 42 | 4 | 74.09
fb3c7d2e-2077-426c-9629-f05fd8c84a31 | 42 | 42 | 4 | 344.23
ff0e2cdb-c23c-47ff-bb10-8d85083cbb4c | 43 | 43 | 2 | 417.44
ae297fc1-af1d-419b-9232-9b43b88b3843 | 43 | 43 | 2 | 456.49
eaa64497-c22e-4846-b706-2eb7432f95a2 | 43 | 43 | 2 | 466.16
c2454abe-7500-4015-a9dd-b80c1dfdaf70 | 44 | 44 | 5 | 187.64
84f35b9e-f294-437a-a87a-d9e2d51c4697 | 44 | 44 | 5 | 463.58
eb051461-d7fe-4e4e-82f8-6efc621bee09 | 44 | 44 | 5 | 190.18
02fdbde7-5221-4c87-8399-fb27205de964 | 45 | 45 | 5 | 54.78
b4a44f45-00f5-4a23-8301-f435853ee6d8 | 45 | 45 | 5 | 324.23
67741dbb-63a8-4a2c-87ec-3ed182b79d3a | 45 | 45 | 5 | 108.34
81ea4d36-589a-4e55-aa15-782b0e8d2399 | 46 | 46 | 5 | 127.34
bb523ce8-82f0-4db5-8778-22e974e84fb0 | 46 | 46 | 5 | 434.03
ee86a5e5-20df-4d3a-96b0-6cd19cb6a450 | 46 | 46 | 5 | 93.19
01be78d7-2cb2-4b0c-bc99-cc1c9cf5e094 | 47 | 47 | 5 | 389.28
46492b6f-aad3-4125-a3a7-9d486af39c36 | 47 | 47 | 5 | 171.64
9adb3562-5d75-46fe-84d3-3d10810ba4e8 | 47 | 47 | 5 | 435.38
473447e1-df41-446e-8ab3-7e4cf84604ea | 48 | 48 | 2 | 340.62
0be5ba37-6435-4c72-8790-dcc92dc3a87b | 48 | 48 | 2 | 210.79
af274e1a-5af0-41c3-add0-51fe352c6902 | 48 | 48 | 2 | 76.24
62cad7f0-2872-4198-bf56-f8b965c1ee70 | 49 | 49 | 2 | 438.94
cd712821-37df-46fe-90da-dec2ff9433be | 49 | 49 | 2 | 220.76
939c532c-affd-400f-9bfb-0bb3e2ed5670 | 49 | 49 | 2 | 447.04
689110f6-5a84-449c-acc3-d8e11b339b47 | 50 | 50 | 5 | 173.75
8595db82-9226-418b-97b3-aa26b477845f | 50 | 50 | 5 | 427.29
018fef26-942a-4fdf-9f2e-c0ec1179648a | 50 | 50 | 5 | 199.91
d7386cbb-1dad-46b8-8367-01d4ecd58048 | 51 | 51 | 2 | 82.32
b4ef5152-40b3-4929-86cf-5e9b3f658582 | 51 | 51 | 2 | 476.09
08031cab-8c6f-4e50-b53a-ce5e462e3949 | 51 | 51 | 2 | 186.8
d39704c8-cd38-46d9-8023-3dee6363d442 | 52 | 52 | 5 | 177.11
b857343f-78ae-4dae-bc91-9bd09dfaba42 | 52 | 52 | 5 | 84.95
b36aa65e-dd18-40ea-ba7c-e68760e52ec7 | 52 | 52 | 5 | 119.14
6eb45a23-d017-40f7-b2f5-2e53b657d8c8 | 53 | 53 | 2 | 179.43
00996990-c5cc-4d51-b523-20ec704d07f4 | 53 | 53 | 2 | 247.01
928140cd-8b10-41c3-8f7d-747ceec4a538 | 53 | 53 | 2 | 271.74
f00515cb-8446-4797-b8a4-57c501ab7291 | 54 | 54 | 2 | 474.75
866a46ed-7ff5-4e1b-a95f-b2dc7743581e | 54 | 54 | 2 | 320.7
93ab058f-5ce7-43c5-99bd-b851cb8b61b3 | 54 | 54 | 2 | 219.5
16f9f5a2-2ffc-438b-8d67-eb94a60ffdb9 | 55 | 55 | 3 | 256.97
bfa3ec28-37f9-4e6e-8ed2-6c2870f61d9b | 55 | 55 | 3 | 410.13
156c068d-26e9-40c6-99c3-23eec6bbd414 | 55 | 55 | 3 | 131.95
5a264415-d92e-494c-a60d-e809061770eb | 56 | 56 | 4 | 68.66
7af19f97-d9f3-4222-8996-2e1e16750ff0 | 56 | 56 | 4 | 313.58
cf320183-95d4-417b-b47b-ad1fb8515eda | 56 | 56 | 4 | 491.01
7e47fe4a-8732-44e5-ae87-7925517d4704 | 57 | 57 | 4 | 423.84
c31c47ad-7613-44ae-a2da-a8cbaf402def | 57 | 57 | 4 | 97.43
e1d9baff-2866-4960-ba55-29d845f08609 | 57 | 57 | 4 | 340.0
f448f194-98cc-497a-91e3-dc73b7be8d85 | 58 | 58 | 4 | 297.06
8d2570f1-76ec-4d13-b60f-64f33b74f988 | 58 | 58 | 4 | 57.68
f01b674e-1da9-401a-a7a6-e97f93d7cbde | 58 | 58 | 4 | 353.3
359a6b87-ab8b-47e5-9eea-67f42943859a | 59 | 59 | 3 | 375.87
5d305d21-9379-498f-83ac-a91390237102 | 59 | 59 | 3 | 486.01
0e2e7a57-4b27-4d74-bbcc-2d21d9262aea | 59 | 59 | 3 | 238.22
cef1841f-9adb-4f5b-9c06-10c95379136d | 60 | 60 | 2 | 474.11
296bfca1-1fea-49b6-80b9-9e62ea9f33a2 | 60 | 60 | 2 | 134.08
b2d19a11-f990-4cde-8841-8e9381f2761f | 60 | 60 | 2 | 231.34
859c9525-5457-49f7-897f-4cbe3211db25 | 61 | 61 | 1 | 206.83
e496a198-8e3e-4093-bc25-f91f80d58070 | 61 | 61 | 1 | 272.04
321e8e6d-f58b-4228-affb-2b6ca8b12334 | 61 | 61 | 1 | 128.41
11331d11-4ead-454b-80c9-a6e3ceceea15 | 62 | 62 | 4 | 183.76
91632990-71d1-4f31-8cb6-67c85474c702 | 62 | 62 | 4 | 267.81
98f62ade-f7e5-4acf-a7a7-9369bbf6af51 | 62 | 62 | 4 | 199.72
24a211b9-8bfe-47f7-8820-df3b311f53a7 | 63 | 63 | 3 | 147.44
562520d1-57da-4ce8-ab7b-f47e1b8301b0 | 63 | 63 | 3 | 105.68
f54420ff-3897-4df2-b1ef-85a5fe878967 | 63 | 63 | 3 | 179.34
5ce9ba94-d755-4ebd-be6b-365faee4ee85 | 64 | 64 | 1 | 357.38
e54dba48-7caf-4479-928f-07850c559549 | 64 | 64 | 1 | 344.66
75c0aaef-c603-47e2-8309-fa3901c2d75f | 64 | 64 | 1 | 64.84
1547b49b-8fc4-4e72-8712-e130bd341ba4 | 65 | 65 | 3 | 110.25
6dbfb5f1-dc3a-4a38-b0c3-5a6ea6a4594d | 65 | 65 | 3 | 411.51
40f67966-f90e-48ca-95f1-30bad4cbd6ae | 65 | 65 | 3 | 272.96
1725d8e0-b0fb-4fd9-8d6c-d165b4e1557c | 66 | 66 | 1 | 117.45
e15481b8-cd10-4040-b3dc-d76591e723fe | 66 | 66 | 1 | 189.66
8244d01e-f94e-4d94-a60d-f81ecbad9725 | 66 | 66 | 1 | 53.57
17c83958-8be0-48a8-a2a5-b0bc139ca459 | 67 | 67 | 4 | 466.67
256772ad-fae9-4f49-9cf3-a6ee8b467d7f | 67 | 67 | 4 | 146.18
7c993c28-edd8-453f-9b69-a4158e700dda | 67 | 67 | 4 | 376.77
787d982e-a048-4ae8-9f85-fa8abbc5e524 | 68 | 68 | 1 | 445.95
f702880a-889f-4bad-871e-e6f5b74bf7ba | 68 | 68 | 1 | 322.97
01106edb-e0c8-419b-b5e3-7a54ea944916 | 68 | 68 | 1 | 62.27
a85d6dd3-c24e-4fb9-932d-79b33d4c0001 | 69 | 69 | 4 | 206.38
b6e14a55-bf97-4e91-a3d1-932ddb1ffe4d | 69 | 69 | 4 | 465.6
3d85fb69-e98e-4af9-b1f6-6d6fc886b0ab | 69 | 69 | 4 | 144.12
72e8aaca-fe2c-41b2-ac3c-aaa34672d03b | 70 | 70 | 4 | 63.03
a8d26758-a586-43e9-93fe-a83e392030ba | 70 | 70 | 4 | 331.52
0ccb7ab4-47f6-43c6-aaa5-e64a253268a7 | 70 | 70 | 4 | 136.57
dcb1db97-74bc-48a4-ba76-18c2b77690d7 | 71 | 71 | 2 | 310.39
97f04e6f-4c8b-4eca-96a0-db1733f2c61d | 71 | 71 | 2 | 382.52
2b69a288-9b72-4e55-8e88-4aff0419246c | 71 | 71 | 2 | 303.43
595bebd9-f86a-473e-8799-3e9bbc188c3d | 72 | 72 | 3 | 468.04
9b353695-46e6-479e-ab32-66b514f54ed3 | 72 | 72 | 3 | 314.83
8db08ba6-5c48-47c7-9731-a8180df86226 | 72 | 72 | 3 | 118.2
a750231b-b992-4c13-bd36-07662ee17fd2 | 73 | 73 | 3 | 458.93
dd5a000f-b244-44e6-ae5f-6b221cf88165 | 73 | 73 | 3 | 309.15
9066695b-ae02-4481-848f-8883188a783c | 73 | 73 | 3 | 134.16
6880d376-be0a-42b0-af29-96417418698b | 74 | 74 | 4 | 217.53
1e92e2b2-843b-4008-ae48-03cae99ca949 | 74 | 74 | 4 | 416.11
83056434-0583-4bea-a6ab-4b5b76dae864 | 74 | 74 | 4 | 384.08
265ec5ed-cb60-4ef2-9335-3b3e97d2ed2c | 75 | 75 | 2 | 461.68
c4ea582a-f4f5-4693-a766-22c5202706b6 | 75 | 75 | 2 | 361.34
618015d2-ed0c-4265-8367-fb182938ee19 | 75 | 75 | 2 | 365.68
d22920f3-c0e1-458d-af4f-349d252c728e | 76 | 76 | 1 | 87.6
e4c8b6d3-bedc-4eff-b000-5b694dddecbe | 76 | 76 | 1 | 456.84
71b3bc70-6aa9-4abe-b137-89155732e879 | 76 | 76 | 1 | 120.16
c77c14ba-1a0a-4243-a051-18b22d6a6d20 | 77 | 77 | 1 | 146.51
a2b731d3-48e2-41a8-a0ff-7b3a154bfcaf | 77 | 77 | 1 | 85.24
ab14531d-3142-46ba-bd83-5baeb2fa55d4 | 77 | 77 | 1 | 281.21
e85d9f1e-62f6-45cf-9a64-09c354d30efc | 78 | 78 | 3 | 237.1
1151d9a7-73c1-4b46-94c5-8c12eebb1a87 | 78 | 78 | 3 | 166.44
7cd86904-afc3-4299-a490-07c1f787def2 | 78 | 78 | 3 | 447.61
c4d8ad69-fb5d-4813-81d6-6a863df523c9 | 79 | 79 | 3 | 126.04
57befc94-a889-403a-bc39-3198b62a5038 | 79 | 79 | 3 | 129.15
22223298-f716-461e-95c2-e0d4ab8ff1cc | 79 | 79 | 3 | 494.23
f53ace51-bb30-4807-9c7b-d1cd310b069b | 80 | 80 | 4 | 413.86
844546b4-230f-47d0-8cff-387fd0f4033c | 80 | 80 | 4 | 483.03
87c44aa2-7798-478c-8e26-8125cd63ca8f | 80 | 80 | 4 | 165.62
4022aa97-5177-4d98-8757-0cde90f34c6e | 81 | 81 | 3 | 100.22
7060e6b5-ac49-4418-885a-d885938ee8e5 | 81 | 81 | 3 | 107.9
c0414915-6431-43b9-9c53-391b859aa0da | 81 | 81 | 3 | 113.88
b16e8c69-dfe0-44ca-8f10-666cd4fc81c1 | 82 | 82 | 5 | 386.14
46b50873-8c84-4ad1-9824-03d24a6eb4d1 | 82 | 82 | 5 | 279.55
1927f95b-3f59-44ab-a192-7a725362d736 | 82 | 82 | 5 | 373.72
6b39636d-a7a8-4ec9-b7af-82a6aeeab781 | 83 | 83 | 1 | 50.6
e984b459-d5d2-449c-9f4e-62e0393c3cdf | 83 | 83 | 1 | 402.29
603b160b-9c35-4622-97b7-636e2f3f58c5 | 83 | 83 | 1 | 254.18
9849236b-f8ff-4f6d-a7ef-3602dc47872e | 84 | 84 | 3 | 349.46
52c52209-36a6-4efc-8609-38a7fdbdd723 | 84 | 84 | 3 | 206.3
9114376a-52d9-4b14-a684-8774a2d23142 | 84 | 84 | 3 | 220.16
776b6bcc-b2fe-42ff-bbb2-1049e789cce0 | 85 | 85 | 4 | 65.35
b73c5c92-f85a-4310-b21f-7acd7856e766 | 85 | 85 | 4 | 310.63
81c886e0-59fd-4ca3-a666-65ecbb8cf891 | 85 | 85 | 4 | 288.4
2412ebea-ad4e-4254-aa01-beb0b968087c | 86 | 86 | 2 | 266.65
b4e26ada-a6e4-4f7f-854e-90453b5c7a6d | 86 | 86 | 2 | 92.19
a73f00f8-6468-4b79-9a24-e102f4c1fb20 | 86 | 86 | 2 | 106.53
625ced69-734f-4231-a59b-0ed40482570a | 87 | 87 | 2 | 134.26
5a39261f-a4f5-451e-8314-a586f1895ee9 | 87 | 87 | 2 | 202.06
fbe15d0d-9ae7-43ac-b5d0-3a5b0377926a | 87 | 87 | 2 | 432.6
a04ddfe7-1080-4a40-8548-ab2a62ecce00 | 88 | 88 | 4 | 211.25
04cdd596-ea04-47ac-88f4-8221e6b2641d | 88 | 88 | 4 | 69.82
a385d84a-2fa3-49b8-8774-0c54d15f48b7 | 88 | 88 | 4 | 470.38
153a503d-ee51-49e7-b1e3-333d821b9607 | 89 | 89 | 5 | 223.14
ebdde11d-0104-4f77-80dd-e5933766db15 | 89 | 89 | 5 | 57.1
00e2abed-6f11-4fd2-a8d8-733b05427ff0 | 89 | 89 | 5 | 412.0
9de3e71e-9a7c-4602-976d-2707681f8fb7 | 90 | 90 | 1 | 457.46
d7da7b21-236c-4430-9ddd-a12910b852b9 | 90 | 90 | 1 | 79.31
acee95ae-e592-42ba-a33d-fc12d65e918e | 90 | 90 | 1 | 252.22
4ff57646-e7b8-4879-a36d-d8c328e0d36a | 91 | 91 | 4 | 335.43
81167523-2453-4643-a7ae-46d976f2fa10 | 91 | 91 | 4 | 339.13
d5f1e605-a5e7-49a7-8b04-56c81b6dcca0 | 91 | 91 | 4 | 288.84
4a2c1c82-613d-4e84-84a2-faa19071a79f | 92 | 92 | 4 | 321.01
1ceb219d-ff1d-4627-8826-cdc49dff8203 | 92 | 92 | 4 | 127.51
4e0984f5-67bb-4e9d-81f5-c7b3e361b825 | 92 | 92 | 4 | 467.95
2890a94c-1ea8-4692-a6f3-2fd76dc859b0 | 93 | 93 | 2 | 251.15
f8b3e2c4-83d8-4224-a184-43e1aaa7ef08 | 93 | 93 | 2 | 162.38
d9867aa0-5f01-41a8-a7eb-121d8651b64c | 93 | 93 | 2 | 159.24
b239ea97-8bdc-4e89-bd00-eabbdab2d62c | 94 | 94 | 1 | 448.81
90acdafc-337b-4bb4-872b-e5a4433bb608 | 94 | 94 | 1 | 300.98
87df9c00-1312-4fff-9e1b-5db52705fca9 | 94 | 94 | 1 | 100.19
56ada422-7c91-49a4-9574-d59faf505a8a | 95 | 95 | 5 | 304.44
830755d0-5056-4aec-8f0d-2a8a531cd85e | 95 | 95 | 5 | 264.23
9d972293-e3b4-4c1e-8326-31ed063d6afd | 95 | 95 | 5 | 360.4
55f411af-32d0-4f93-91ce-fc7e6d433544 | 96 | 96 | 4 | 295.85
dea6529d-6123-413b-847d-4ac2347e80aa | 96 | 96 | 4 | 250.89
2f0b8ed9-68e5-4686-9f77-20106246fd76 | 96 | 96 | 4 | 96.32
2c211290-4f48-4103-a136-c6cc02c3a5af | 97 | 97 | 2 | 429.62
df0e5196-a103-442c-a0df-6a55739189fa | 97 | 97 | 2 | 359.59
c674e8b0-661f-44f4-81bc-7a7ba9cc2960 | 97 | 97 | 2 | 188.31
78ae30bc-3938-41df-a928-e6f2d2ce3900 | 98 | 98 | 2 | 54.25
db430c52-3338-4a68-a35d-44a54fe0f7d5 | 98 | 98 | 2 | 115.44
686b1e64-63da-4440-843a-a3808a507867 | 98 | 98 | 2 | 206.19
578532b2-e5bf-405e-9d1f-a978cc251685 | 99 | 99 | 4 | 343.35
e51a3f10-106f-40ca-b8bb-ea7eef0db934 | 99 | 99 | 4 | 213.99
41dc530c-239f-4f7d-91eb-096fe792d1b7 | 99 | 99 | 4 | 222.32
a49ae385-76f4-4f92-97de-b1ea1ad400aa | 100 | 100 | 2 | 375.83
ed0bbfd4-c730-4681-bbb0-c7498b9bf27f | 100 | 100 | 2 | 450.84
aaea6c44-35d0-47a8-b9c9-2f5d17e5eb21 | 100 | 100 | 2 | 430.47
